1 0.015286 -0.0341681
2 0.0104202 -0.0244366
3 0.00742493 -0.018446
4 0.00545287 -0.0147745
5 0.00388893 -0.0118411
6 0.0052485 -0.0145602
7 0.00450672 -0.013302
8 0.00407563 -0.0124398
9 0.00535486 -0.0149983
10 0.00581213 -0.0162034
11 0.00557432 -0.0157278
12 0.00488993 -0.0146035
13 0.00403739 -0.0128985
14 0.00310664 -0.011037
15 0.00224047 -0.00941663
16 0.00142246 -0.00778062
17 0.00085854 -0.0066957
18 0.000404808 -0.00578824
19 0.000154539 -0.0052877
20 -0.000104843 -0.00476369
21 -0.000358572 -0.00425624
22 -0.000575477 -0.00379365
23 -0.000778695 -0.00338722
24 -0.00097246 -0.00299969
25 -0.00118511 -0.00251514
26 -0.00141983 -0.00204569
27 -0.00154661 -0.00171479
28 -0.00161247 -0.00158308
29 -0.00176865 -0.00127071
30 -0.00195109 -0.000808292
31 -0.00213136 -0.000447756
32 -0.00226945 -5.80977e-05
33 -0.0023928 0.000188612
34 -0.00257394 0.00055089
35 -0.00268863 0.000914702
36 -0.00279242 0.00112227
37 -0.0028863 0.00131003
38 -0.00291039 0.00150374
39 -0.00300761 0.00169817
40 -0.00307434 0.00198535
41 -0.00313461 0.0021059
42 -0.00323748 0.00231164
43 -0.00336066 0.00272604
44 -0.00337561 0.00275593
45 -0.00340956 0.00299431
46 -0.0034624 0.0031
47 -0.00346782 0.00311082
48 -0.00349607 0.00334214
49 -0.00351369 0.00337737
50 -0.00352255 0.00357122
51 -0.00354999 0.00362609
52 -0.00354767 0.00362146
53 -0.00355432 0.00381247
54 -0.00354039 0.00378461
55 -0.00362378 0.00413258
56 -0.00360932 0.00410367
57 -0.00358495 0.00405492
58 -0.0035634 0.00418999
59 -0.00356161 0.00418641
60 -0.00351199 0.00408716
61 -0.00347348 0.00418382
62 -0.00343105 0.00409897
63 -0.00338933 0.004185
64 -0.00335905 0.00412443
65 -0.00331331 0.00403296
66 -0.00326412 0.00409778
67 -0.0032177 0.00400493
68 -0.00317867 0.00392688
69 -0.00312658 0.00397904
70 -0.00306674 0.00385935
71 -0.00301102 0.00389847
72 -0.00298168 0.00383979
73 -0.00290488 0.00368617
74 -0.00284692 0.00371261
75 -0.00278606 0.00359088
76 -0.00272673 0.00347223
77 -0.00267263 0.00349765
78 -0.00261061 0.00337362
79 -0.00254374 0.00323988
80 -0.0024818 0.00324009
81 -0.00242218 0.00312085
82 -0.00234641 0.00308662
83 -0.00229941 0.00299262
84 -0.00224035 0.00287451
85 -0.0021766 0.00285583
86 -0.00211533 0.00273331
87 -0.00205179 0.00260622
88 -0.00198967 0.00258146
89 -0.00188811 0.00237834
90 -0.00169779 0.00208259
91 -0.00148224 0.00165149
92 -0.00131854 0.0013241
93 -0.00651501 0.0120428
94 -0.00995645 0.0189257
95 -0.0105074 0.0200276
96 -0.00661507 0.0125737
97 0.00201469 -0.00468586
98 0.0161177 -0.032892
99 0.0357488 -0.0739416
100 0.0552587 -0.112961
101 0.0713377 -0.145119
102 0.0796992 -0.165827
103 0.0839095 -0.174248
104 0.0858953 -0.178219
105 0.0866913 -0.184146
106 0.0870248 -0.184813
107 0.0867104 -0.184184
108 0.0854219 -0.185878
109 0.0831492 -0.181333
110 0.0802736 -0.179595
111 0.0770277 -0.173104
112 0.07392 -0.166888
113 0.0707637 -0.164114
114 0.0680681 -0.158723
115 0.0654976 -0.153582
116 0.0632189 -0.152185
117 0.0607352 -0.147218
118 0.0585195 -0.145712
119 0.0561913 -0.141056
120 0.0538583 -0.13639