1 -2.24768 0 0.134861
2 -3 0 0.231762
3 -3 0 0.228
4 -3 0 0.228
5 -2.30782 0 0.296091
6 -1.9017 0 0.272877
7 -1.55358 0 0.275107
8 -1.21361 0 0.274167
9 -0.9785 0 0.26176
10 -0.834981 0 0.265791
11 -0.726132 0 0.271052
12 -0.614952 0 0.274208
13 -0.529506 0 0.269638
14 -0.466969 0 0.273044
15 -0.418753 0 0.276923
16 -0.365524 0 0.27397
17 -0.327762 0 0.27676
18 -0.298587 0 0.27983
19 -0.265617 0 0.277997
20 -0.238148 0 0.280022
21 -0.214254 0 0.282035
22 -0.191166 0 0.280769
23 -0.172124 0 0.282285
24 -0.155998 0 0.283828
25 -0.137343 0 0.282789
26 -0.123678 0 0.28388
27 -0.111529 0 0.284943
28 -0.0985537 0 0.284225
29 -0.0893812 0 0.285059
30 -0.0811944 0 0.285872
31 -0.0726129 0 0.285398
32 -0.0653866 0 0.285975
33 -0.060872 0 0.28574
34 -0.054429 0 0.286192
35 -0.0520677 0 0.286904
36 -0.0461247 0 0.286559
37 -0.0402103 0 0.286818
38 0.899138 0 0.230486
39 -0.118879 0 0.29856
40 -0.158069 0 0.298546
41 -0.0948779 0 0.294559
42 -0.0459889 0 0.292117
43 -0.0175073 0 0.29079
44 -0.00364124 0 0.2901
45 0.00346055 0 0.289583
46 0.0064876 0 0.289318
47 0.00910297 0 0.289177
48 0.0111958 0 0.288861
49 0.0100098 0 0.288943
50 0.0115551 0 0.288658
51 0.0107109 0 0.288549
52 0.0105742 0 0.288553
53 0.0108222 0 0.288364
54 0.0108616 0 0.288362
55 0.00969133 0 0.288283
56 0.00919189 0 0.288308
57 0.00804246 0 0.288254
58 0.00631882 0 0.288351
59 0.00582129 0 0.28829
60 0.00310082 0 0.288415
61 0.00381478 0 0.288359
62 0.00469576 0 0.288226
63 0.00396442 0 0.288275
64 0.00469449 0 0.288152
65 0.00421354 0 0.288185
66 0.00456237 0 0.288089
67 0.00473295 0 0.288004
68 0.00455739 0 0.288015
69 0.00387605 0 0.287997
70 0.00350787 0 0.288016
71 0.00285391 0 0.288013
72 0.00210473 0 0.288055
73 0.00196678 0 0.288032
74 0.00101204 0 0.288089
75 0.00147219 0 0.288035
76 0.000377663 0 0.288103